"words" "occurence" "pval" "tscore"
"great" 29060 0 47.4054425559631
"best" 10642 2.75845242066736e-243 33.4542380847868
"worst" 2238 2.90066315434987e-215 -31.4349060901696
"amazing" 6170 3.22304171253052e-190 29.5173425939315
"delicious" 9390 9.48495435969436e-166 27.5191839459281
"terrible" 1990 7.16046601520904e-143 -25.5136751342918
"awesome" 4776 4.47266428430108e-130 24.3217684663504
"excellent" 4329 8.93741984766674e-122 23.5170115699077
"horrible" 1539 6.56706045138237e-119 -23.2327980044903
"good" 39469 7.49159746934729e-105 21.7863536884955
"love" 8867 1.92365242899519e-104 21.742797879493
"friendly" 8637 1.08447972554058e-87 19.8812936523644
"rude" 1759 6.66224835994121e-86 -19.6723396648408
"slow" 3014 2.59613208404627e-83 -19.3657161311419
"fantastic" 2547 4.23527240430591e-78 18.7338440819807
"wont" 2861 8.47455794785435e-71 -17.811775748834
"drive" 3325 2.6829181226285e-60 -16.3965600396589
"favorite" 4272 3.16699514318173e-54 15.520396352768
"cold" 3701 8.96974062797327e-48 -14.5325704864589
"disappointing" 1072 6.2679754471193e-46 -14.237814621486
"awful" 1175 9.89419568545675e-42 -13.5433643249829
"dirty" 1231 1.90158267131838e-41 -13.4951626954428
"never" 9296 9.87371818208151e-41 -13.3728759420448
"poor" 1328 1.24934491274508e-37 -12.8293254830175
"perfect" 3292 1.63619112656233e-36 12.6279544558211
"definitely" 7965 3.87672062393916e-36 12.5597154019909
"mediocre" 1044 2.84135636446322e-33 -12.0252745414853
"no_recommend" 451 1.13060967488913e-31 -11.7164469345536
"outstanding" 851 8.29183100364867e-30 11.3459472164368
"no_worth" 681 9.30356762604148e-30 -11.335852747662
"hour" 4466 2.37316165533488e-27 -10.8390703695453
"recommend" 4346 1.89055478174203e-25 10.4302452305709
"ridiculous" 601 3.34418030223986e-25 -10.37582157946
"no_be" 1495 3.35472556455302e-25 -10.375520383727
"wonderful" 1644 1.6678016659173e-24 10.2209672201542
"always" 10265 2.02407151102033e-24 10.2021542568648
"incredible" 768 7.16549996157079e-24 10.0784682210513
"phenomenal" 528 1.73673608786165e-23 9.99095760026691
"avoid" 763 2.26170001426938e-23 -9.96470570311303
"nothing" 4475 2.87288535536282e-22 -9.70851248309251
"dry" 1888 6.03386104493747e-21 -9.39265912295309
"disappointment" 510 6.32452859382985e-21 -9.38769694344233
"no_go" 774 1.28302999957935e-20 -9.31277949338238
"gem" 538 4.61012792160232e-20 9.1758041814809
"ordered" 15595 1.64379869912552e-19 -9.03764784835159
"fresh" 5664 4.77532856963948e-19 8.92014918353317
"average" 2255 8.11013680905898e-19 -8.86122988087123
"no_return" 181 9.25319320944259e-19 -8.84650285066539
"thank" 913 1.37374043287381e-18 8.80222371757569
"nice" 11480 1.83475849730599e-18 8.76965958387981
"disgusting" 620 2.84514464406596e-18 -8.72006583708218
"left" 3381 3.02464886862337e-18 -8.71312768875144
"poisoning" 112 6.39942200748599e-18 -8.62770138469635
"happy" 4377 1.002842514458e-17 8.5760982017938
"sad" 732 2.65425661244046e-17 -8.46323948219442
"glad" 1098 7.25019963346185e-17 8.3451687916818
"clean" 2896 8.64036878927488e-17 8.32439082744478
"burnt" 889 8.77779763880841e-17 -8.32251919338585
"worth" 3413 9.99155251087059e-17 8.30714254193303
"tasteless" 379 1.23105154849149e-16 -8.28230460443051
"closed" 931 1.94254322239341e-16 -8.22776977761695
"bland" 1130 4.30609704066729e-16 -8.1317462303984
"gross" 608 8.66525684526369e-16 -8.04647614704121
"die" 647 9.95499073626267e-16 8.02945257946143
"fabulous" 460 1.00846763227104e-15 8.02786280750359
"galley" 546 1.32127607599645e-15 7.99460891208974
"nasty" 351 1.72331275253399e-15 -7.96177961902613
"unfortunately" 1212 1.84441633945645e-15 -7.95336563172072
"shame" 422 2.27235775483381e-15 -7.92746103263615
"no_the" 1983 3.13662593443188e-15 -7.8872817507903
"management" 1166 3.18558201269323e-15 -7.88534622171346
"soggy" 1057 3.28198360830751e-15 -7.88161904733207
"elsewhere" 548 3.31189273256569e-15 -7.88048455981877
"sick" 380 8.09297569980504e-15 -7.76796467041701
"fast" 4500 8.87174500171048e-15 7.75630485503166
"highly" 1945 9.26068224342623e-15 7.7508538354246
"no_waste" 190 1.84319452605802e-14 -7.66289532421747
"bomb" 306 3.84417436106348e-14 7.56787182540521
"10" 3531 8.96311315962582e-14 -7.45698589866546
"racist" 37 1.00892496845434e-13 -7.44135646194472
"worse" 706 1.92738214908957e-13 -7.35531166920066
"no_good" 557 2.19156983212098e-13 -7.3381199428093
"15" 2123 2.47047575943863e-13 -7.32205252269552
"no_very" 629 2.47832453594195e-13 -7.32162661082594
"waste" 373 2.59873372947983e-13 -7.31525365760392
"reasonable" 1354 4.14205220957585e-13 7.25234512264216
"yummy" 1250 1.42271571892933e-12 7.08322851804161
"used" 2414 2.54355535959846e-12 -7.00224199635685
"tasty" 4294 7.14150492893496e-12 6.85607202956742
"no_one" 1529 1.13813878092888e-11 -6.78909469002275
"hair" 462 1.23384823389569e-11 -6.77742641155929
"wrong" 3044 2.02264415514042e-11 -6.70557546702336
"forgot" 958 2.17331836160271e-11 -6.69506928291143
"no_a" 2938 2.73527728905663e-11 -6.6613341324827
"no_even" 1168 2.82802086108464e-11 -6.65642929973991
"joke" 310 2.8904463333626e-11 -6.6532157457076
"forever" 746 4.90642286219338e-11 -6.57487673306735
"stale" 379 5.55082485764184e-11 -6.55647818551662
"filthy" 302 5.60516323732708e-11 -6.55502365027874
"zero" 489 5.77778499904707e-11 -6.5504927346247
"location" 6263 8.37466140174109e-11 -6.49480085881546
"raw" 524 1.22278399062477e-10 -6.4375374170216
"unprofessional" 230 1.85146243978103e-10 -6.37421173139001
"unfriendly" 148 1.88187781723528e-10 -6.37171216424143
"everything" 5120 1.99830875661462e-10 6.36249521853956
"bad" 5630 2.3601351532409e-10 -6.33687718323445
"order" 16061 3.09332798248547e-10 -6.29502026856996
"disappointed" 2761 5.90903610553986e-10 -6.19378457428422
"waiting" 3192 8.19525094195164e-10 -6.14202215123714
"world" 884 1.01587619116151e-09 6.10780375398523
"wasnt" 5910 1.07267526179989e-09 -6.09910723456485
"hot" 5200 1.68668561172327e-09 6.02629524508778
"somewhere" 782 1.98241811374503e-09 -6.00010286166858
"quick" 2973 4.69036319334570e-09 5.85860423502172
"wouldnt" 1822 6.27990604578594e-09 -5.80991180256205
"greasy" 1716 6.64353927979917e-09 -5.80047568421997
"soul" 125 7.44626274248745e-09 5.78130934042103
"yuck" 130 8.56687817932111e-09 -5.75767082192999
"beat" 531 9.37081674707232e-09 5.74249817183607
"trash" 287 9.98011207588467e-09 -5.73181972022172
"0" 188 1.08463320665282e-08 -5.71768160127554
"perfection" 692 1.29301795242095e-08 5.6877213177318
"20" 2393 1.33522282037925e-08 -5.68222938721971
"poorly" 256 1.60004306360808e-08 -5.65119831785143
"mess" 752 1.97589344545046e-08 -5.61480766491495
"stop" 2986 2.55771533815826e-08 5.56998781078777
"back" 19644 3.00505698389788e-08 5.54182400806563
"dump" 97 3.30102366123727e-08 -5.52534789292298
"atmosphere" 5576 4.49695035406861e-08 5.47079098981612
"1010" 92 4.54452644621016e-08 5.46892485156886
"no_flavor" 243 5.083210030916e-08 -5.44902417434435
"didnt" 9528 5.10435784716903e-08 -5.44828529516312
"told" 4352 5.19697508690925e-08 -5.44508392657233
"money" 1826 5.43149097662931e-08 -5.43721866734841
"frozen" 1072 5.73407610731735e-08 -5.42754317593026
"sorry" 1013 6.15295004795763e-08 -5.41493569188087
"town" 2812 6.25849514779061e-08 5.411890219764
"downhill" 183 6.77991199820442e-08 -5.39753938312568
"no_my" 402 7.38950041522382e-08 -5.38205955516839
"attentive" 2371 7.64158237536105e-08 5.37601699513473
"helpful" 1213 8.02047608034378e-08 5.3672884337727
"notch" 482 8.97979004210498e-08 5.3468586053452
"inconsistent" 147 1.17195255895255e-07 -5.29841507883724
"would" 17031 1.2377823352698e-07 -5.28842125375933
"sent" 586 1.25048250522551e-07 -5.28655253509866
"smile" 497 1.53580092246718e-07 5.24879659154459
"well" 12074 1.56772357646033e-07 5.24500323661757
"star" 2252 1.69212964500263e-07 -5.2309001758942
"soon" 1570 1.78684219197844e-07 5.22082011833618
"horrendous" 81 2.18174506798875e-07 -5.18370649350606
"burned" 195 2.20017491598153e-07 -5.18213752829563
"no_so" 639 2.39136901330326e-07 -5.16657096880978
"satisfied" 487 2.4025644521128e-07 5.1656971497135
"dont" 195 2.54391167858795e-07 -5.1549909152149
"superb" 232 2.83987957151586e-07 5.13432007690526
"machine" 512 2.91604092087019e-07 -5.12933786436117
"sadly" 370 3.23137261457392e-07 -5.1099648232672
"no_friendly" 91 3.68124287199908e-07 -5.08527317575414
"no_great" 519 3.69232216362526e-07 -5.08470257564721
"polite" 561 4.13724864664595e-07 5.06305535557119
"exceptional" 361 4.20496478592895e-07 5.0599594079203
"salty" 986 4.77685330565273e-07 -5.03558077231532
"perfectly" 2228 5.13429658606935e-07 5.02173611373152
"no_disappoint" 324 5.93088535972304e-07 4.99395707296105
"pounder" 125 6.21135924365604e-07 -4.98502718139472
"must" 2311 6.77829820147684e-07 4.96810566525532
"no_fresh" 139 7.97674247130156e-07 -4.93642173489284
"barely" 820 8.03224577244779e-07 -4.93506807147166
"atrocious" 67 8.45318085796734e-07 -4.92508584220271
"no_busy" 292 9.05766387298643e-07 -4.91155789290158
"reasonably" 600 9.23787064242001e-07 4.90769300409881
"40" 686 1.08192008826183e-06 -4.87659057816277
"last" 4652 1.19303943936391e-06 -4.85725381418796
"cafeteria" 91 1.24757327262743e-06 -4.8483897804716
"no_going" 367 1.31540279875096e-06 -4.83787080548233
"guess" 1434 1.3903932659494e-06 -4.82683210689758
"no_or" 170 1.41871144773819e-06 -4.8228120145157
"point" 2206 1.44304866252489e-06 4.81941825069905
"business" 1957 1.48125080552137e-06 -4.81420049224121
"multiple" 782 2.02732519772941e-06 -4.75111599281855
"loud" 1489 2.16330229533026e-06 -4.73796934688115
"5" 4780 2.29303607940689e-06 4.72614621932164
"since" 4717 2.53988024685221e-06 4.70532460199056
"expensive" 1134 3.36536499212736e-06 -4.64756752334525
"no_sure" 1471 3.42324645909171e-06 -4.64404635943435
"real" 1558 3.70089038232873e-06 4.62791237123292
"made" 7020 3.81677316880097e-06 4.62151928101313
"ready" 1367 4.17403465401368e-06 4.60291944287218
"every" 4772 4.79028215324592e-06 4.57415817805851
"breath" 252 5.08183843133823e-06 4.56176677250579
"wow" 927 5.16754355638072e-06 4.55825361006496
"juicy" 1545 5.72139374584786e-06 4.53681207191443
"incorrect" 181 6.10611161438105e-06 -4.52305817750442
"disrespectful" 63 6.36359343906673e-06 -4.51430897410668
"free" 2563 6.56077311696645e-06 4.50783492454218
"kay" 70 7.45751129014661e-06 4.48056090320029
"no_disappointed" 269 8.55000389249075e-06 4.45128758944056
"suck" 153 9.09582124116402e-06 -4.43797845570639
"try" 9437 9.1517799330211e-06 4.43665738814887
"ruined" 206 1.00813158911545e-05 -4.41577333438987
"45" 1058 1.13236937889626e-05 -4.39056388649044
"medium" 2501 1.22355162371637e-05 -4.37369028022706
"accommodating" 573 1.23797386597484e-05 4.37113194812819
"f" 96 1.24074748491891e-05 -4.37064320434666
"no_order" 252 1.28874470384444e-05 -4.3623466777088
"happier" 73 1.35586720360102e-05 4.35122564664787
"terrace" 172 1.366607371226e-05 4.34949510846788
"garbage" 247 1.38594614084967e-05 -4.34641155376613
"eaten" 1282 1.44011583474898e-05 4.3379878128941
"seem" 1420 1.55530676081257e-05 -4.32103613300621
"fun" 2776 1.55649948294595e-05 4.32086695252337
"welcoming" 525 1.67065861458827e-05 4.30522029336595
"no_have" 1617 1.76028475659845e-05 -4.29363456253243
"25" 844 1.80828609063955e-05 -4.28765872492904
"unacceptable" 210 1.89345152914546e-05 -4.27741878752304
"no_cheese" 172 1.92319804646731e-05 -4.27394534475425
"save" 559 2.02176773035064e-05 -4.26279043841098
"professional" 327 2.07475208584605e-05 4.25700656990237
"lost" 503 2.20296708377607e-05 -4.24357236939194
"terribly" 118 2.21856878389845e-05 -4.24198873393277
"sat" 3132 2.43420546239056e-05 -4.22112346323318
"werent" 1407 2.50525226304712e-05 -4.21463298018626
"complaint" 852 2.62936950261878e-05 4.20370331709744
"locked" 98 2.77689873564399e-05 -4.19133298280668
"empty" 1436 2.8881992158977e-05 -4.18240730313596
"acknowledged" 232 2.8998092742079e-05 -4.18149515464757
"life" 1097 2.90653287430217e-05 4.18096849862917
"waitress" 5809 2.92669790946197e-05 -4.17939589878416
"smell" 419 3.04048527583577e-05 -4.17071052757744
"beware" 182 3.09642473550356e-05 -4.16655334834744
"food" 45764 3.12033087130625e-05 -4.16479847532157
"stupid" 165 3.21066257788842e-05 -4.15828087793141
"quit" 86 3.27567282944357e-05 -4.15369721262729
"pleasantly" 488 3.27656098850328e-05 4.15363519178484
"new" 5009 3.52492096267721e-05 4.13688940081407
"disgusted" 91 3.52899704549043e-05 -4.13662402804183
"visit" 4399 3.84012101972655e-05 4.11718121145733
"hate" 665 3.88689711304411e-05 -4.11438826696081
"authentic" 207 3.91386809005127e-05 4.11279232870245
"screaming" 142 3.96135224974646e-05 -4.11000777384031
"broken" 220 4.00299305448343e-05 -4.10759183237182
"line" 1989 4.20326671201101e-05 -4.09629555747965
"husband" 3098 4.49612899961313e-05 4.08066401365413
"screw" 222 4.73973015956456e-05 -4.06838085015391
"threw" 307 5.01514809854711e-05 -4.0551945505944
"fifteen" 108 5.05895730529756e-05 -4.0531606245647
"crap" 338 5.09753525281461e-05 -4.0513833458425
"attitude" 798 5.13917975165751e-05 -4.04947904361266
"30" 1548 5.2854262922865e-05 -4.04290546469034
"lovely" 413 5.52753593030428e-05 4.03239270319904
"no_what" 314 5.61099852360595e-05 -4.02886955268387
"disappoint" 192 5.90319879934374e-05 4.01691445495264
"need" 4221 6.09300057212938e-05 -4.00944561289518
"discount" 236 6.59939628417747e-05 3.99054714219314
"no_that" 657 6.93842404889198e-05 -3.9786474035254
"basic" 663 7.85941706017659e-05 -3.94890132081842
"ugh" 160 8.04711481223554e-05 -3.94324591742582
"hello" 545 8.47790794675103e-05 -3.93072356543686
"visiting" 1021 8.48571506550386e-05 3.93050222251366
"tough" 462 8.70883065583053e-05 -3.92425656179948
"alone" 668 9.05478072610791e-05 3.91486517286555
"boring" 254 9.2869240392252e-05 -3.90875145941522
"car" 1315 9.43902656677075e-05 3.9048234855383
"high" 2435 9.49170353576997e-05 -3.90347705355574
"leaving" 644 0.000103123449058932 -3.88336524327163
"smelled" 225 0.000103829807351351 -3.8817054700397
"king" 738 0.000105892564114753 -3.87691878167087
"flavor" 3625 0.000111617822221164 -3.86408013712817
"horribly" 84 0.000120939380625821 -3.84444962798676
"cardboard" 86 0.00012635053886602 -3.83369910781955
"dead" 298 0.000127724223370027 -3.83103908276803
"till" 231 0.000133590076795773 -3.81997555668174
"no_offer" 119 0.000135857913089496 -3.81582053566579
"tasted" 2958 0.000140230559779334 -3.80799040889187
"sonic" 383 0.000148835073526698 -3.7932317585818
"cook" 1175 0.000153045456253872 -3.78630050175777
"opening" 512 0.0001563729811467 3.78094847406863
"pizza" 5312 0.000157143601228433 3.77972429674852
"hard" 2670 0.000158766864650052 -3.77716402186283
"excited" 1001 0.000162114889344925 -3.77196028047422
"grease" 646 0.000169003069871582 -3.76156485008419
"no_care" 443 0.000174717495382355 -3.75323899053973
"city" 1194 0.000179725583986095 3.74615020909608
"efficient" 544 0.000181937793365052 3.74307786969594
"five" 2192 0.000194694394418901 3.72601832591773
"spend" 571 0.000196494960138311 -3.7236955153378
"able" 1662 0.000201518098453653 3.71731961683375
"dad" 340 0.000222567376030286 3.69212984916125
"inedible" 237 0.000224717645241777 -3.68968395184572
"tried" 4581 0.000229556496537709 -3.68425921296442
"right" 6561 0.000240329049272036 3.6725578084107
"no_meat" 62 0.000257495855863748 -3.65489080323402
"lived" 559 0.000264689509755881 3.64781405717357
"anywhere" 800 0.000280293786798919 3.63306333613814
"soso" 202 0.000280490461073379 -3.63288237886066
"divine" 111 0.000299544926662199 3.61589081954061
"500" 138 0.000300785210826295 -3.6148202231088
"gone" 1238 0.000312634231488842 -3.60479570823404
"no_wait" 409 0.00032134302145498 3.59765221336732
"no_longer" 323 0.000343540187936308 -3.58023315049179
"took" 6243 0.000345922077043649 -3.5784270024391
"literally" 1287 0.00034677510717591 -3.57778299171513
"memorial" 101 0.000355912566154375 3.57097593823033
"legit" 113 0.000379571689839505 3.55408241870916
"bistro" 353 0.000381122881436625 3.5530094962003
"learn" 213 0.00038828828045528 -3.54810573410895
"maybe" 3338 0.000403836072914751 -3.53774978292999
"manager" 4108 0.000414068680349324 -3.53113549609636
"store" 970 0.000439642140870065 -3.51524983933737
"quickly" 1894 0.000440403306645947 3.51479036757373
"porch" 440 0.00044350386621569 -3.51292636659181
"spoiled" 96 0.000446991678020368 -3.51084403852055
"slightly" 901 0.000448568012167099 3.50990789135837
"uncomfortable" 296 0.000455192302421694 -3.50600714984008
"name" 1917 0.0004571908373351 3.50484070402943
"purchase" 158 0.000461623817393265 -3.50227028271033
"brought" 2299 0.000492240879832103 3.48512141958699
"third" 444 0.000495709663135586 -3.48324169565029
"flavorless" 263 0.000519054799317637 -3.47090106191441
"send" 355 0.000519658422815658 -3.47058888935717
"stellar" 206 0.000521266456152268 3.46975891831212
"rip" 93 0.000538410268849808 -3.46105564042543
"tip" 1144 0.000582006253808734 3.440035546009
"personable" 250 0.00060153599719002 3.43109102729351
"received" 1329 0.000608487841291439 -3.42797225178344
"spot" 3763 0.000611242501260928 3.42674560602298
"unpleasant" 105 0.00064418599546486 -3.41246150583688
"little" 9107 0.000646711083212135 3.41139487329871
"sitting" 1814 0.000658340391654084 -3.40653195023477
"no_miss" 110 0.000751688654457875 3.37015919419443
"lukewarm" 218 0.000770617725322312 -3.3632989697646
"decided" 3025 0.000782131811305742 -3.35920219986592
"hamburger" 809 0.00079886919242219 -3.35334569985525
"someone" 2254 0.000799735912649846 -3.35304554063292
"deserve" 162 0.000822380486117733 3.34530844318144
"watered" 123 0.000830902070674715 -3.34244793043401
"apparently" 717 0.000863828945732618 -3.33164492532099
"review" 2618 0.000872305657115265 3.32892564290729
"limp" 173 0.000872872179429731 -3.32874478029814
"farm" 145 0.000875352530755414 3.32795420575905
"buy" 512 0.000889749441698314 -3.32340601271044
"talk" 887 0.000913591563542277 3.31602186557881
"doesnt" 2094 0.000913657861514141 -3.31600158259875
"6" 1585 0.000962965739356666 -3.30128156473452
"lousy" 91 0.000972030872470153 -3.29865155786942
"dog" 2993 0.00101521798609404 -3.28642568962125
"courteous" 275 0.00103330337058057 3.2814483902218
"enjoyable" 392 0.00104699653203804 3.27773322475677
"appreciate" 460 0.00107041936328584 3.27148124298306
"beautiful" 721 0.0010981173412974 3.26424942545603
"heat" 482 0.00110208786698651 -3.26322659560905
"street" 1842 0.00111807609604832 -3.2591421287581
"school" 742 0.00122787084502237 3.23246922380827
"holy" 228 0.00124039682734092 3.22956768909313
"no_serve" 118 0.00125008348287134 -3.22734235442645
"sure" 4362 0.00125114894369546 3.22709855684326
"water" 1874 0.00126128801839524 -3.22478808879499
"smiling" 121 0.00127451526543105 3.22179953843329
"em" 171 0.00129041148208828 3.21824561566901
"rubbery" 155 0.00133887816520937 -3.20765400036379
"friend" 3120 0.00139790461178672 3.19522240737669
"lackluster" 124 0.00141427444989214 -3.19186051160468
"rather" 1414 0.00147297793876091 -3.18009246157829
"surprisingly" 446 0.00150393259611277 3.17406009556771
"non" 223 0.00154009442098944 -3.1671561734385
"finally" 2836 0.00155154890671682 3.16500043510707
"hooked" 106 0.0015611000876802 3.16321407598813
"shack" 329 0.00160173078432033 3.15572565172022
"patio" 1851 0.00163810826792248 -3.14916802847647
"scratch" 148 0.00166247491600416 3.14485009259401
"first" 8769 0.00167795299457536 3.1421374152387
"overdone" 162 0.00169551876983262 -3.13908659734867
"charge" 839 0.00176009356505663 -3.128115658787
"piece" 831 0.00182942002439916 -3.11674192208082
"regret" 194 0.00187811480872924 3.10898749302476
"pool" 261 0.00189346685965694 -3.10658102221608
"birthday" 1005 0.00192982333659118 -3.10095276458963
"went" 9355 0.00201966540194297 -3.0874514115335
"lack" 664 0.00203200019236993 -3.08564097522556
"no_reason" 162 0.00206261819988764 -3.0811902366855
"no_at" 356 0.00211513319043573 -3.07369571912991
"give" 5435 0.00226509157355675 -3.05319756929412
"fountain" 216 0.00226712121494692 3.05292876415024
"priced" 1333 0.00227812996315314 -3.05147459831739
"huge" 3241 0.00237612912702375 3.03880606049629
"win" 192 0.00238231278026563 3.03802283062601
"dried" 275 0.0023927631328121 -3.03670339561992
"kind" 3180 0.00242849935210324 3.03223094867716
"mind" 993 0.00246632540907963 3.02756210560898
"truck" 284 0.00252120169899703 3.02090393189567
"sauce" 6924 0.0026851545255724 -3.00177262741635
"least" 2679 0.00277449293120029 -2.99179297260218
"course" 1352 0.00280893014600143 2.98802435171409
"shipwreck" 160 0.00283069858825101 2.98566383971704
"anniversary" 90 0.00283831283619497 2.98484208272469
"staffed" 206 0.00285150060490453 -2.98342356182637
"creative" 442 0.00290527667198005 2.9777005490079
"no_eat" 473 0.00291205202009234 -2.97698636788426
"refund" 235 0.00294025611589843 -2.97402961216811
"large" 3462 0.00300548983338264 2.9672888304472
"instead" 2343 0.00314308833234904 -2.95349733783719
"no_get" 908 0.00314540418846254 -2.95326996650608
"rare" 1349 0.00317640457499364 2.95024094465622
"no_hot" 109 0.00319013355302151 -2.94890809826634
"unlike" 240 0.00328994514897026 2.93937231231745
"week" 1800 0.00337692640383915 2.93127483385028
"no_quite" 191 0.00340529718780933 -2.92867472232124
"hold" 497 0.00341360004201076 -2.92791751689317
"treat" 576 0.00342001923154138 2.92733324670247
"better" 7774 0.00344860230326861 -2.92474369454785
"front" 1896 0.00352837258607909 -2.91761870384815
"salt" 973 0.00353045010401495 -2.91743510824444
"nope" 229 0.00354571161604711 -2.91608941459591
"no_for" 443 0.00356626854450045 -2.91428509972774
"company" 412 0.00365920083186187 -2.90624453839939
"affordable" 409 0.00372130258792749 2.90097433473286
"frequent" 342 0.00378087556129746 2.895993339071
"shut" 196 0.00396933389115435 -2.88069258104102
"receipt" 442 0.00400617226993443 -2.87777902441253
"earth" 178 0.00400982386321816 2.87749154556176
"cheesecake" 193 0.00411877481768942 -2.86902165706399
"crust" 685 0.00413792803471714 -2.86755373438539
"informed" 348 0.00437277364713312 -2.85003905785753
"no_problem" 261 0.00444542376924457 2.84479348562936
"ill" 3371 0.00445062995731004 -2.84442057219083
"fashioned" 1344 0.00459116734278849 2.8345004740988
"spent" 586 0.00467167674331612 -2.82894080608383
"lettuce" 1811 0.00467846806514593 -2.82847580038529
"dough" 249 0.00470830718297653 -2.82643991282758
"no_think" 828 0.00486346654917863 -2.81603818346299
"ruby" 165 0.00494789822736567 -2.81050347747412
"no_know" 1432 0.00494985762082628 -2.81037605155725
"pas" 503 0.00501318169726153 -2.80628223856732
"keeping" 245 0.00508381495152959 -2.80177069902755
"due" 1003 0.00512022104641273 2.79946742805364
"restaurant" 10375 0.00526301310182248 -2.79057410138301
"worker" 230 0.00533608030553656 -2.78610734890825
"no_forget" 203 0.00537713207547492 2.78362194688104
"pure" 157 0.00541201971462055 2.78152317216794
"stay" 925 0.00544404267500612 -2.77960745553242
"no_taste" 183 0.0055732291611996 -2.77198097249826
"bison" 532 0.00561026157127418 2.76982419877306
"higher" 460 0.00561549149041511 -2.76952064317287
"early" 1086 0.00565362102813258 2.76731520057311
"arent" 1089 0.00567126722422632 -2.76629906914769
"talking" 821 0.00568470874290296 -2.76552696998459
"mushy" 231 0.00577264784080956 -2.7605158761655
"sign" 858 0.00583092781354107 -2.75723266060101
"bought" 299 0.00590219307953085 -2.7532578856159
"generous" 677 0.00592262527753782 2.75212627226
"already" 1280 0.00594705110307597 2.75077808452105
"pleasant" 1148 0.00602937290867627 2.74627077328309
"desired" 266 0.0060798659554069 -2.74353351838364
"nobody" 361 0.00626677528465843 -2.73357610011498
"bag" 988 0.0063835076619003 -2.72749208878463
"floor" 864 0.00640890935308181 -2.72618144597468
"home" 3810 0.00647703484556676 2.72268933640989
"basically" 881 0.00648342595639691 -2.72236342600799
"leave" 1633 0.00662741738988761 -2.71509622712021
"no_want" 621 0.00671845942564973 -2.71057429072235
"fairly" 847 0.00679163086914213 2.70697971433559
"make" 6758 0.00689826904981062 2.70180290032012
"havent" 1314 0.00690499193317667 2.70147894874953
"within" 784 0.0071351714858439 2.69055482733065
"spoke" 231 0.00716028009992726 -2.68938240841001
"rating" 695 0.00722106794225506 2.68655919810253
"stood" 455 0.00722465501180496 -2.68639326878351
"satisfying" 263 0.00727383521222402 2.68412573417724
"truly" 891 0.00734465451638626 2.68088454393782
"healthy" 614 0.00736471758688041 2.67997141388958
"nearby" 528 0.0076255067265739 -2.66830077535582
"par" 390 0.00770160435006551 -2.66496276291604
"acceptable" 179 0.00773542504129017 -2.66348870207181
"onion" 3976 0.00780376206323371 2.66052780159947
"fashion" 218 0.0080740404055335 2.64904029477683
"neither" 343 0.00829404998874612 -2.63994079056485
"open" 2882 0.00849119944365531 -2.63196842572747
"limited" 715 0.00871664489101609 -2.62305220294608
"effort" 253 0.00882178819814797 -2.61896413631107
"yelling" 202 0.00902256723713899 -2.6112771402593
"no_seem" 159 0.00936804240679648 -2.59840084804571
"build" 727 0.00937091221868251 2.5982956732156
"cool" 2516 0.00940296508726406 2.59712292638212
"terrific" 293 0.00949056718448586 2.59393584689602
"window" 1461 0.00955650794046785 -2.59155409738968
"oh" 2091 0.00955884366270261 2.59147000124089
"super" 3485 0.00974042119124731 2.58498783369476
"everyone" 2805 0.0101182957096005 2.57183620338191
"cheap" 1510 0.0101192459269398 2.57180368709443
"fix" 525 0.0101901645492525 -2.5693845027676
"straight" 379 0.0102046404453523 -2.56889254218813
"matter" 369 0.0103362297343466 -2.56444877368955
"cute" 652 0.010545649635631 2.5574794198081
"endless" 171 0.0105789963223032 2.55638104787668
"today" 2176 0.0105876434946706 -2.556096730486
"usually" 2830 0.0106271422867817 2.55480063821602
"bun" 3055 0.0106430379135415 -2.55428025630499
"gyro" 770 0.010713601252825 2.55197850575617
"id" 3506 0.0107917175300355 -2.549446049525
"thanks" 780 0.0109701061418544 2.54372340619679
"decent" 3290 0.0110021689897593 -2.54270362001018
"plastic" 310 0.0110645757375613 -2.54072626908592
"done" 2978 0.0111156411281044 -2.53911562513423
"popcorn" 140 0.0111928390022943 2.53669317648453
"weve" 1024 0.0113053540829061 2.53318892448179
"bonus" 287 0.0113969552528425 2.53035882481904
"complimentary" 158 0.0118421529863012 2.51688506969301
"given" 1525 0.0119567656170147 -2.51348915799718
"flip" 228 0.0120089926441268 2.51195126201144
"luck" 312 0.0120848472170851 -2.50972814667808
"chose" 789 0.0121150422352954 2.50884664350773
"none" 651 0.0121864511633184 -2.50676967772998
"environment" 603 0.0122406961669306 2.50519912931659
"overly" 359 0.0126622159430638 -2.49320074042564
"unless" 804 0.0127010561122856 -2.4921130438217
"otherwise" 658 0.0128473621133388 -2.48804208436172
"exactly" 870 0.0128514089106042 2.48793006657598
"caught" 198 0.012938897472716 2.4855159293835
"skip" 336 0.0129857410709975 -2.48422926927438
"knew" 981 0.0132554132224756 2.47690101090938
"trip" 1399 0.0134521264620164 2.47163808043283
"think" 5382 0.0137601689516187 -2.46353167412924
"no_in" 470 0.0138162373250064 -2.46207345792255
"register" 429 0.0138503436771584 -2.46118898018876
"fry" 1276 0.0138509681659235 2.46117280330061
"potential" 261 0.0138991823074954 -2.45992579399648
"interested" 264 0.0143597811677375 -2.44820154912758
"summer" 1046 0.014845698646909 2.43618705668102
"lemonade" 340 0.0148688381792672 2.43562361464417
"killer" 181 0.0149162383395001 2.43447184042634
"thrown" 209 0.0149637047051108 -2.43332168448633
"however" 3709 0.0152612871913956 -2.42618334514752
"vegetable" 210 0.0153317739833139 2.42451049322681
"site" 172 0.0153344891717409 -2.4244461896216
"35" 489 0.0154643656345745 -2.42138197934452
"whenever" 401 0.0155538908494758 2.41928294741313
"step" 439 0.0158803476200945 -2.41171773780831
"cooking" 477 0.0165277240870353 -2.39711154697822
"post" 241 0.0167234882404569 -2.3927936748169
"downside" 278 0.0167566670952223 2.392066268123
"flat" 496 0.0168077452377609 -2.39094890890114
"busy" 4385 0.0168875125277306 2.38920990872574
"part" 1909 0.0170915278935437 -2.3847947678745
"mention" 798 0.0173943671059134 2.37832547202418
"closer" 317 0.0173983173516278 2.37824174103227
"prompt" 552 0.0180569475906492 2.36450880352077
"crack" 339 0.0184809081380606 2.35589926632287
"market" 460 0.0184925199329524 -2.35566590315117
"nicely" 573 0.0190228196288975 2.34514266518851
"refreshing" 300 0.0192393589631195 2.34091930295654
"no_too" 879 0.0192748982467895 2.34023012134414
"door" 1928 0.0193579453246653 -2.33862398292883
"coffee" 1718 0.0205867082917408 -2.31553663604848
"lunch" 6103 0.0210132630388339 2.30780276989028
"old" 4556 0.0210732638577076 -2.30672589457953
"whatever" 800 0.0213282258506666 2.30217950418742
"kudos" 168 0.0216798462332008 2.29598656862466
"carry" 317 0.0217389775081309 2.294953716069
"fruit" 386 0.0218366061836102 -2.29325376407253
"no_come" 455 0.0220978671963786 -2.28873689126847
"selection" 5097 0.0231615739419427 2.2708132345264
"surprise" 499 0.0233532226148153 2.26766022686769
"wedding" 203 0.0240250800892268 2.25678132446715
"toast" 1045 0.0242486181476434 2.25322021263563
"deliciousness" 119 0.0243383101802989 2.25179935427468
"apart" 425 0.0245041822467485 -2.24918360315992
"story" 425 0.0247207463006228 2.24579145080395
"stuck" 361 0.0254162512251872 -2.23506874574184
"immediately" 1069 0.025862703360864 2.22831879299271
"return" 1934 0.0259432400581547 2.22711189502366
"sub" 469 0.0259824795646802 -2.22652503723862
"patient" 250 0.0261942722136333 2.22337067661368
"seated" 3125 0.0271009221417182 -2.21011159481157
"pretty" 8657 0.0280560262229088 -2.19655175889197
"portion" 1419 0.0285956318202455 -2.18906585058904
"also" 13845 0.0287611921684932 2.18679344004967
"franchise" 226 0.0292235799404314 -2.18050602858963
"breakfast" 3634 0.0292811134026882 2.17972970608713
"fancy" 555 0.0296945580900034 2.17418920608446
"know" 4965 0.0299159599580421 2.17124946103372
"split" 996 0.0299997103350892 2.17014230882575
"overall" 3657 0.0300062353385749 -2.17005616205051
"original" 608 0.0302500109135399 2.16684917924824
"mouth" 724 0.0304926908067637 2.1636785927449
"no_to" 1358 0.0309899243797707 -2.15724940935816
"chance" 945 0.0311700930567869 -2.15494169204739
"got" 15089 0.0321018319943926 -2.14318687072617
"heaven" 388 0.032301790481161 2.14070238395342
"future" 580 0.032384949224913 2.1396730139583
"drink" 5865 0.0326466187825208 -2.1364486769814
"house" 2178 0.0328198609427141 -2.13432611462067
"agree" 323 0.0333530532738065 -2.12785309559936
"gluten" 519 0.0336494440928848 -2.12429307557324
"classic" 969 0.0342549021443601 2.11710333893282
"pound" 293 0.0345457065397675 2.1136886165317
"staple" 301 0.034637412930438 2.11261686273804
"cajun" 771 0.0350651007486261 2.10765034245348
"afternoon" 1024 0.035359701717295 2.10425928768159
"completely" 1249 0.0355125333446591 -2.10250958170697
"take" 5409 0.036309046124116 2.09349326812428
"call" 1363 0.0367944719695059 -2.08808073466896
"rub" 336 0.0372434939701384 2.08312799190648
"without" 2948 0.0372463892222337 -2.08309622242792
"no_really" 551 0.0390244894353033 -2.06397072107729
"area" 5620 0.0392765135099065 2.06132013847674
"sticky" 296 0.0410661838294409 -2.04290219741192
"twice" 1449 0.0419194195197723 -2.03435981805694
"craving" 695 0.0426742449627269 2.02692451683743
"nearly" 582 0.0433445065835329 -2.02041484671029
"brother" 275 0.0433815547577899 2.02005751717423
"salted" 326 0.0436215874476458 -2.01774862841666
"missing" 763 0.0443722157832464 -2.0105968745886
"clearly" 834 0.0445449493866668 -2.00896558887947
"homemade" 1262 0.045324646749777 2.00166791840388
"customer" 2514 0.0454588122674216 -2.00042287027876
"north" 545 0.0454989219030322 2.0000512565743
"next" 4769 0.0466809149363594 1.98922212459324
"ended" 1516 0.0491192880429984 -1.96759198613526
"slice" 545 0.0491831908560872 -1.9670373601483
"big" 4419 0.0498204186961917 1.96153954729702
"outdoor" 866 0.0507897966575264 -1.95328805831914
"care" 1510 0.0509508679905812 1.95192980295636
"paying" 662 0.0509899566153677 -1.95160072529245
"diner" 1002 0.0510823240292891 1.95082394504178
"half" 3600 0.0514644051760172 -1.94762320673855
"west" 519 0.0520709268049928 1.94258291401454
"anything" 3132 0.0531452330357166 1.93377452847485
"heart" 555 0.054276889434377 1.92465536136576
"receive" 400 0.0551781165040773 -1.91750586007285
"cow" 304 0.0555429134548107 1.91463955597422
"stopped" 2804 0.0568680995709505 1.90435744637388
"hostess" 1279 0.0574663744288492 -1.8997806532643
"start" 1476 0.0577268045527601 -1.89780073671536
"airport" 586 0.0582991317510336 1.89347557915624
"use" 1857 0.0589999597059225 1.88822710727952
"2" 5471 0.0600510853588081 -1.88045146282482
"away" 3612 0.0607446002205552 -1.87538280829492
"grab" 1244 0.0612261516336662 1.87189145596763
"custard" 461 0.0614675652166017 1.87014970688962
"black" 1152 0.0618133636408834 1.8676646833318
"table" 11536 0.0618618553390312 1.86731712627906
"really" 15941 0.0637180248595162 1.85417969947356
"tiny" 700 0.064380337991944 -1.84956855485483
"no_like" 894 0.0659133538264966 -1.83904374659641
"system" 342 0.066753601919056 -1.83336042949002
"sometimes" 1318 0.0670547715145346 1.83133770177596
"far" 2167 0.0699863695759887 1.81202901570267
"sausage" 1053 0.0709223434351252 -1.80600425061939
"fair" 647 0.0709628572219282 1.80574494350693
"chili" 1596 0.0713937256956211 1.80299466702019
"like" 21331 0.0720064208637307 -1.79910710372734
"worked" 645 0.0730120710296938 1.79278456285044
"beyond" 642 0.0731584210407482 1.79187040794996
"min" 802 0.0733161262056186 -1.79088699791816
"special" 3669 0.0743401191416873 -1.78454338072184
"menu" 12594 0.074370329685123 -1.78435731441539
"behind" 1302 0.0750014914561228 -1.78048404863451
"day" 6366 0.075779199136868 1.77574790789653
"wish" 1883 0.0770969846623958 1.76781252977127
"almost" 2733 0.0789466175890474 -1.75685888618144
"ketchup" 1074 0.0800085647576907 -1.7506640079901
"boneless" 393 0.0804178173600903 -1.74829446230583
"unique" 1376 0.0832581026943396 1.73211373775693
"gave" 2608 0.0878515740616092 -1.70686712514815
"people" 7940 0.0894356405068933 -1.69840786333302
"full" 2980 0.0928469343201729 1.68059255056003
"8" 1138 0.0938163114010914 -1.67562608570534
"top" 3613 0.0949071038251733 1.67008653826654
"seating" 2035 0.0966899040265417 1.66114147965911
"bathroom" 592 0.0999061633586435 -1.64533239772686
"cozy" 614 0.105718953462581 1.61776127416313
"two" 7262 0.108116584789454 -1.60673878699695
"dressing" 1305 0.108296611096218 -1.60591900485242
"knowledgeable" 475 0.108912313912292 1.60312341739651
"reason" 1833 0.10891846652793 -1.6030955447206
"extremely" 1793 0.113975517468211 -1.580595280996
"number" 1027 0.114711285533515 1.57738757369295
"loaded" 610 0.115395397399235 1.57441956210831
"supposed" 718 0.115975397440868 -1.57191405766436
"night" 8291 0.118004114560484 1.56322704908359
"watch" 1354 0.118993643409483 -1.55903232888353
"bigger" 438 0.120585564198695 1.55234101347352
"coupon" 366 0.121160274926342 -1.54994232313597
"4" 3259 0.127019702509024 -1.52598021942513
"buffet" 318 0.128060991286459 -1.52181245180855
"understand" 915 0.130355694399383 -1.51272004221585
"sweet" 3665 0.132348573564636 1.50492380067886
"fine" 1900 0.134803767290432 -1.49544299645814
"hash" 673 0.135531625153769 -1.49265802730164
"room" 2245 0.135891010412222 1.49128718688582
"blue" 1260 0.137796846663871 1.48406396595256
"choose" 1317 0.138673287989868 1.48076804346322
"opinion" 831 0.141703484648725 -1.4694949194559
"3" 4400 0.142581342721558 -1.46626370541565
"one" 19606 0.144274009031807 1.46007620997389
"enjoy" 2526 0.144706886659 1.45850278185004
"going" 6454 0.144847339347583 -1.45799303799307
"crowded" 1118 0.146011602315914 1.45378209769861
"soup" 2419 0.147193563053802 -1.44953335415284
"glass" 1496 0.152254653085621 -1.43162979044822
"beef" 3015 0.154297154877497 1.42453276154307
"strong" 446 0.158335561293087 1.41070800334896
"salad" 7862 0.16431259733864 -1.39072843656141
"bar" 14737 0.165418282909332 -1.38709275299837
"coming" 2661 0.171409588636319 1.36770378379952
"could" 8591 0.176349444618741 -1.35209572231245
"chicken" 9029 0.179911436891098 -1.3410423396645
"expect" 1671 0.192576834809057 -1.30300757596523
"come" 10404 0.197190004197171 1.28961210107044
"said" 7112 0.200469519876244 -1.28022815183073
"experience" 6765 0.201386791580274 1.27762357166991
"often" 1684 0.217623239265128 1.23288482454346
"looking" 3439 0.21911748168598 -1.22889016205354
"cant" 5076 0.222282624378902 1.22049270129308
"easy" 1056 0.225060905148718 1.21319191493324
"bit" 5214 0.226093104111324 1.21049590629476
"bartender" 2789 0.229572103990404 -1.20147322974105
"probably" 3744 0.232404680955662 -1.19419862293632
"go" 17544 0.240502482282559 1.17374260172554
"especially" 2352 0.243200093312005 1.16703614926659
"came" 11395 0.247453370368574 1.15656756725187
"working" 1555 0.2498496191465 -1.15072510304584
"thing" 4532 0.250222741533519 -1.14981889580811
"fried" 4276 0.251833810056395 1.14591686749034
"simple" 1310 0.255456400419151 -1.13720602589116
"side" 8178 0.270327435870378 1.10231830128635
"parking" 1948 0.272734532328094 1.09679634020569
"chip" 2890 0.279510726216546 1.08142821612518
"find" 3540 0.283592071219835 -1.07229388544647
"available" 1084 0.289191491395875 1.05990567074975
"small" 4675 0.293048121611114 -1.05146696181101
"inside" 3196 0.2932740187873 -1.05097499474767
"get" 19824 0.295102711064516 -1.04700172880043
"dish" 1392 0.302886640825418 -1.03027108013742
"long" 5162 0.310421390125388 -1.01434621585429
"youve" 506 0.330340186902403 0.973436249628114
"waiter" 1911 0.330953422084092 -0.972202594804644
"phone" 1030 0.373701195085561 -0.889568043817022
"boy" 1245 0.380835953107129 0.876363077996611
"service" 24132 0.383457375331435 -0.871549618849253
"family" 2751 0.38790362900094 0.863431233796597
"want" 5797 0.393103201852479 -0.854008960345784
"time" 27251 0.414651358162772 -0.815740901228719
"wait" 8981 0.416592497732952 0.812352324498968
"mac" 2420 0.434361977285072 0.781754096693583
"beer" 11671 0.438976016550332 -0.773928330352116
"bread" 2443 0.44057787460821 -0.771222525940068
"around" 6265 0.447014675673086 0.760406078031764
"say" 5953 0.452094570248946 -0.751932218411107
"enough" 3600 0.45287622413935 0.750633123232122
"many" 4966 0.47764530711304 -0.710099017675847
"fish" 2502 0.486060196322281 -0.696592770229117
"u" 13371 0.550418802025864 -0.597135823260717
"meat" 4046 0.568899832934853 -0.569675447849248
"cheese" 14541 0.588670258860886 0.540766714186937
"check" 3455 0.64610582024674 -0.459180893244257
"still" 6223 0.651551127125529 0.451610497789534
"place" 32720 0.712670250836655 0.36827386203086
"lot" 6465 0.746974241905052 0.322633005816055
"server" 6714 0.776175750068259 0.284307373700733
"bacon" 5417 0.81153107722369 0.238452285905475
"another" 5431 0.819271911887403 -0.228482465302238
"sandwich" 7061 0.82571635799244 0.220199661965388
"much" 7545 0.926883807266622 -0.0917665491592598
"even" 10165 0.929805753402891 -0.0880895783471721
